sample-data8.txt   1 channel (mono)
Sample Rate: 935600 Hz. Sample values on linear scale.
Length processed: 2048 samples 0.00219 seconds.


0.01871
0.02505
0.02765
0.03107
0.03641
0.04282
0.04755
0.05231
0.05768
0.06406
0.06985
0.07529
0.08124
0.08755
0.09387
0.10019
0.10675
0.11395
0.12091
0.12814
0.13568
0.14392
0.15182
0.16010
0.16824
0.17752
0.18610
0.19473
0.20322
0.21207
0.22076
0.22870
0.23611
0.24371
0.25067
0.25699
0.26227
0.26715
0.27164
0.27490
0.27728
0.27878
0.28000
0.27994
0.27905
0.27722
0.27496
0.27194
0.26773
0.26303
0.25784
0.25223
0.24564
0.23840
0.23105
0.22333
0.21524
0.20627
0.19742
0.18845
0.17938
0.16971
0.16013
0.15063
0.14151
0.13190
0.12250
0.11328
0.10461
0.09601
0.08752
0.07916
0.07162
0.06418
0.05719
0.05035
0.04388
0.03790
0.03217
0.02698
0.02209
0.01743
0.01306
0.00912
0.00577
0.00266
-0.00034
-0.00305
-0.00500
-0.00665
-0.00784
-0.00906
-0.00974
-0.00977
-0.00970
-0.00909
-0.00824
-0.00684
-0.00510
-0.00314
-0.00089
0.00214
0.00525
0.00854
0.01193
0.01593
0.02029
0.02496
0.02924
0.03397
0.03903
0.04425
0.04962
0.05469
0.06000
0.06543
0.07092
0.07620
0.08170
0.08664
0.09189
0.09665
0.10181
0.10638
0.11093
0.11502
0.11929
0.12341
0.12717
0.13065
0.13419
0.13760
0.14114
0.14383
0.14706
0.14996
0.15332
0.15619
0.15900
0.16208
0.16519
0.16843
0.17157
0.17480
0.17822
0.18158
0.18503
0.18881
0.19263
0.19647
0.20016
0.20389
0.20837
0.21249
0.21674
0.22073
0.22501
0.22964
0.23416
0.23865
0.24298
0.24759
0.25229
0.25684
0.26154
0.26627
0.27072
0.27554
0.27988
0.28482
0.28925
0.29370
0.29782
0.30212
0.30643
0.31046
0.31415
0.31750
0.32104
0.32404
0.32700
0.32916
0.33118
0.33282
0.33389
0.33490
0.33484
0.33466
0.33340
0.33203
0.32999
0.32745
0.32410
0.32004
0.31552
0.31073
0.30536
0.29929
0.29266
0.28583
0.27878
0.27170
0.26392
0.25604
0.24814
0.24051
0.23297
0.22537
0.21783
0.21066
0.20407
0.19775
0.19180
0.18610
0.18112
0.17667
0.17285
0.16922
0.16644
0.16394
0.16229
0.16080
0.16006
0.15945
0.15955
0.15955
0.16016
0.16098
0.16196
0.16281
0.16385
0.16473
0.16605
0.16656
0.16721
0.16739
0.16769
0.16748
0.16678
0.16577
0.16464
0.16312
0.16089
0.15839
0.15552
0.15298
0.14951
0.14581
0.14166
0.13803
0.13428
0.13004
0.12564
0.12140
0.11777
0.11411
0.11017
0.10660
0.10349
0.10120
0.09851
0.09625
0.09442
0.09354
0.09311
0.09256
0.09250
0.09323
0.09488
0.09674
0.09845
0.10074
0.10406
0.10779
0.11169
0.11551
0.11966
0.12512
0.13019
0.13565
0.14069
0.14645
0.15253
0.15875
0.16467
0.17081
0.17706
0.18356
0.18988
0.19629
0.20261
0.20926
0.21561
0.22211
0.22861
0.23511
0.24164
0.24823
0.25455
0.26135
0.26770
0.27441
0.28085
0.28754
0.29404
0.30066
0.30719
0.31381
0.32025
0.32684
0.33328
0.33969
0.34610
0.35233
0.35855
0.36490
0.37061
0.37674
0.38229
0.38812
0.39362
0.39877
0.40390
0.40894
0.41379
0.41821
0.42261
0.42664
0.43085
0.43445
0.43793
0.44131
0.44464
0.44785
0.45047
0.45322
0.45605
0.45862
0.46136
0.46341
0.46625
0.46878
0.47153
0.47391
0.47665
0.47971
0.48279
0.48602
0.48926
0.49307
0.49722
0.50116
0.50571
0.51013
0.51556
0.52072
0.52640
0.53214
0.53836
0.54483
0.55142
0.55835
0.56555
0.57266
0.57996
0.58734
0.59500
0.60263
0.60986
0.61700
0.62424
0.63135
0.63809
0.64429
0.65015
0.65598
0.66113
0.66574
0.66962
0.67316
0.67599
0.67834
0.67963
0.68060
0.68069
0.68024
0.67908
0.67709
0.67444
0.67136
0.66754
0.66348
0.65839
0.65302
0.64722
0.64151
0.63525
0.62845
0.62137
0.61462
0.60812
0.60132
0.59421
0.58722
0.58093
0.57498
0.56894
0.56287
0.55740
0.55243
0.54803
0.54361
0.53952
0.53592
0.53275
0.52988
0.52753
0.52536
0.52347
0.52182
0.52045
0.51953
0.51883
0.51794
0.51746
0.51700
0.51703
0.51697
0.51718
0.51718
0.51770
0.51804
0.51886
0.51978
0.52081
0.52209
0.52353
0.52551
0.52786
0.53033
0.53323
0.53671
0.54074
0.54517
0.54987
0.55524
0.56149
0.56818
0.57516
0.58261
0.59082
0.59985
0.60898
0.61850
0.62839
0.63892
0.64954
0.66028
0.67114
0.68213
0.69333
0.70404
0.71475
0.72507
0.73517
0.74475
0.75375
0.76227
0.76993
0.77676
0.78287
0.78818
0.79251
0.79550
0.79730
0.79840
0.79843
0.79703
0.79419
0.79025
0.78519
0.77930
0.77121
0.76266
0.75250
0.74185
0.72934
0.71616
0.70178
0.68707
0.67090
0.65387
0.63602
0.61819
0.59952
0.58023
0.56030
0.54028
0.52045
0.50031
0.47977
0.45947
0.43930
0.41971
0.40015
0.38086
0.36215
0.34393
0.32654
0.30942
0.29318
0.27750
0.26291
0.24890
0.23581
0.22333
0.21182
0.20126
0.19150
0.18240
0.17410
0.16675
0.15997
0.15424
0.14853
0.14401
0.13992
0.13654
0.13358
0.13074
0.12872
0.12708
0.12598
0.12466
0.12372
0.12317
0.12314
0.12311
0.12296
0.12289
0.12317
0.12390
0.12415
0.12430
0.12460
0.12521
0.12595
0.12619
0.12619
0.12662
0.12689
0.12729
0.12677
0.12653
0.12631
0.12585
0.12518
0.12381
0.12268
0.12128
0.11948
0.11707
0.11438
0.11166
0.10828
0.10440
0.09998
0.09525
0.09021
0.08447
0.07800
0.07126
0.06415
0.05630
0.04813
0.03912
0.03006
0.02039
0.01016
-0.00027
-0.01099
-0.02206
-0.03336
-0.04520
-0.05673
-0.06854
-0.08026
-0.09229
-0.10397
-0.11563
-0.12695
-0.13840
-0.14908
-0.15973
-0.16956
-0.17947
-0.18878
-0.19720
-0.20514
-0.21246
-0.21936
-0.22565
-0.23077
-0.23532
-0.23935
-0.24261
-0.24509
-0.24667
-0.24750
-0.24802
-0.24759
-0.24622
-0.24420
-0.24185
-0.23889
-0.23532
-0.23050
-0.22574
-0.22037
-0.21487
-0.20840
-0.20142
-0.19437
-0.18726
-0.17960
-0.17160
-0.16327
-0.15503
-0.14682
-0.13806
-0.12943
-0.12070
-0.11246
-0.10379
-0.09528
-0.08673
-0.07877
-0.07077
-0.06277
-0.05502
-0.04776
-0.04062
-0.03378
-0.02682
-0.02057
-0.01474
-0.00876
-0.00314
0.00223
0.00702
0.01144
0.01627
0.02048
0.02454
0.02786
0.03156
0.03482
0.03818
0.04050
0.04330
0.04565
0.04816
0.04999
0.05167
0.05331
0.05490
0.05594
0.05676
0.05734
0.05789
0.05817
0.05801
0.05753
0.05701
0.05615
0.05487
0.05356
0.05170
0.05008
0.04770
0.04544
0.04282
0.04031
0.03741
0.03467
0.03146
0.02869
0.02570
0.02292
0.02026
0.01752
0.01508
0.01276
0.01096
0.00931
0.00790
0.00665
0.00583
0.00543
0.00531
0.00546
0.00574
0.00656
0.00732
0.00879
0.00980
0.01163
0.01285
0.01471
0.01627
0.01813
0.01962
0.02106
0.02225
0.02350
0.02460
0.02530
0.02560
0.02576
0.02570
0.02545
0.02475
0.02365
0.02231
0.02075
0.01889
0.01675
0.01440
0.01184
0.00906
0.00610
0.00302
-0.00012
-0.00351
-0.00687
-0.01041
-0.01373
-0.01740
-0.02078
-0.02444
-0.02774
-0.03119
-0.03467
-0.03812
-0.04123
-0.04456
-0.04764
-0.05099
-0.05408
-0.05688
-0.05978
-0.06262
-0.06573
-0.06836
-0.07098
-0.07321
-0.07593
-0.07834
-0.08078
-0.08270
-0.08469
-0.08667
-0.08862
-0.09021
-0.09161
-0.09293
-0.09442
-0.09558
-0.09647
-0.09723
-0.09787
-0.09879
-0.09900
-0.09946
-0.09940
-0.09985
-0.09970
-0.09970
-0.09943
-0.09930
-0.09888
-0.09833
-0.09769
-0.09729
-0.09650
-0.09558
-0.09433
-0.09344
-0.09247
-0.09097
-0.08920
-0.08731
-0.08585
-0.08386
-0.08145
-0.07880
-0.07617
-0.07379
-0.07065
-0.06723
-0.06375
-0.06039
-0.05698
-0.05304
-0.04889
-0.04489
-0.04117
-0.03699
-0.03302
-0.02856
-0.02481
-0.02081
-0.01736
-0.01346
-0.01016
-0.00662
-0.00375
-0.00098
0.00150
0.00391
0.00607
0.00797
0.00949
0.01074
0.01199
0.01294
0.01392
0.01459
0.01529
0.01575
0.01648
0.01724
0.01816
0.01910
0.02002
0.02151
0.02322
0.02530
0.02744
0.03009
0.03333
0.03705
0.04095
0.04504
0.04987
0.05505
0.06085
0.06656
0.07278
0.07916
0.08600
0.09283
0.09985
0.10678
0.11377
0.12045
0.12711
0.13373
0.13977
0.14563
0.15060
0.15558
0.15982
0.16360
0.16647
0.16873
0.17056
0.17142
0.17175
0.17108
0.17023
0.16843
0.16602
0.16260
0.15915
0.15521
0.15076
0.14557
0.13995
0.13452
0.12906
0.12286
0.11679
0.11014
0.10440
0.09821
0.09219
0.08612
0.08038
0.07486
0.06943
0.06415
0.05933
0.05472
0.05020
0.04575
0.04166
0.03809
0.03448
0.03098
0.02744
0.02451
0.02176
0.01880
0.01611
0.01309
0.01108
0.00858
0.00629
0.00369
0.00171
-0.00031
-0.00201
-0.00415
-0.00598
-0.00766
-0.00891
-0.01019
-0.01147
-0.01254
-0.01346
-0.01413
-0.01440
-0.01489
-0.01489
-0.01492
-0.01447
-0.01404
-0.01309
-0.01248
-0.01123
-0.01010
-0.00851
-0.00696
-0.00516
-0.00342
-0.00134
0.00067
0.00305
0.00519
0.00760
0.00992
0.01239
0.01489
0.01727
0.01968
0.02209
0.02457
0.02676
0.02902
0.03104
0.03333
0.03513
0.03702
0.03836
0.04004
0.04141
0.04266
0.04352
0.04422
0.04489
0.04562
0.04590
0.04605
0.04584
0.04587
0.04578
0.04550
0.04507
0.04456
0.04419
0.04401
0.04364
0.04337
0.04300
0.04306
0.04327
0.04358
0.04410
0.04480
0.04584
0.04721
0.04861
0.05042
0.05246
0.05493
0.05743
0.06036
0.06342
0.06677
0.07034
0.07404
0.07806
0.08206
0.08615
0.09036
0.09464
0.09903
0.10333
0.10742
0.11163
0.11575
0.11987
0.12347
0.12729
0.13074
0.13416
0.13718
0.13977
0.14252
0.14499
0.14700
0.14859
0.14990
0.15137
0.15240
0.15280
0.15283
0.15262
0.15259
0.15176
0.15063
0.14905
0.14752
0.14557
0.14319
0.14038
0.13748
0.13461
0.13101
0.12735
0.12335
0.11938
0.11542
0.11075
0.10648
0.10184
0.09750
0.09283
0.08813
0.08371
0.07941
0.07510
0.07080
0.06635
0.06281
0.05893
0.05573
0.05197
0.04871
0.04568
0.04306
0.04028
0.03778
0.03519
0.03302
0.03094
0.02869
0.02670
0.02454
0.02258
0.02042
0.01819
0.01593
0.01376
0.01129
0.00870
0.00595
0.00305
0.00021
-0.00287
-0.00638
-0.00977
-0.01328
-0.01685
-0.02029
-0.02429
-0.02808
-0.03195
-0.03568
-0.03937
-0.04309
-0.04669
-0.05026
-0.05347
-0.05676
-0.05966
-0.06259
-0.06512
-0.06763
-0.06985
-0.07178
-0.07358
-0.07486
-0.07648
-0.07764
-0.07874
-0.07941
-0.07999
-0.08072
-0.08124
-0.08167
-0.08176
-0.08218
-0.08273
-0.08313
-0.08356
-0.08383
-0.08469
-0.08548
-0.08655
-0.08728
-0.08871
-0.09003
-0.09183
-0.09351
-0.09552
-0.09763
-0.10004
-0.10229
-0.10504
-0.10764
-0.11063
-0.11316
-0.11603
-0.11887
-0.12183
-0.12460
-0.12698
-0.12955
-0.13184
-0.13431
-0.13605
-0.13788
-0.13934
-0.14093
-0.14209
-0.14294
-0.14371
-0.14429
-0.14490
-0.14523
-0.14548
-0.14584
-0.14597
-0.14651
-0.14658
-0.14740
-0.14777
-0.14893
-0.14987
-0.15134
-0.15289
-0.15485
-0.15695
-0.15961
-0.16226
-0.16537
-0.16830
-0.17194
-0.17566
-0.17932
-0.18304
-0.18652
-0.19025
-0.19391
-0.19720
-0.20001
-0.20273
-0.20496
-0.20700
-0.20819
-0.20901
-0.20905
-0.20859
-0.20749
-0.20572
-0.20340
-0.20029
-0.19650
-0.19214
-0.18744
-0.18213
-0.17618
-0.16977
-0.16318
-0.15649
-0.14938
-0.14206
-0.13464
-0.12769
-0.12073
-0.11371
-0.10681
-0.10071
-0.09476
-0.08957
-0.08423
-0.07983
-0.07611
-0.07318
-0.07043
-0.06842
-0.06711
-0.06662
-0.06677
-0.06735
-0.06845
-0.07037
-0.07275
-0.07553
-0.07892
-0.08228
-0.08649
-0.09058
-0.09503
-0.09961
-0.10406
-0.10883
-0.11337
-0.11789
-0.12231
-0.12616
-0.13019
-0.13351
-0.13690
-0.13943
-0.14200
-0.14386
-0.14539
-0.14636
-0.14691
-0.14722
-0.14685
-0.14606
-0.14484
-0.14337
-0.14182
-0.13950
-0.13705
-0.13446
-0.13190
-0.12912
-0.12589
-0.12289
-0.12000
-0.11743
-0.11441
-0.11139
-0.10889
-0.10675
-0.10483
-0.10263
-0.10074
-0.09924
-0.09842
-0.09732
-0.09662
-0.09583
-0.09589
-0.09586
-0.09610
-0.09656
-0.09717
-0.09821
-0.09918
-0.10056
-0.10208
-0.10394
-0.10577
-0.10788
-0.11020
-0.11307
-0.11594
-0.11914
-0.12241
-0.12607
-0.13010
-0.13443
-0.13898
-0.14371
-0.14871
-0.15414
-0.15976
-0.16583
-0.17169
-0.17792
-0.18436
-0.19083
-0.19760
-0.20401
-0.21063
-0.21704
-0.22348
-0.22964
-0.23569
-0.24136
-0.24664
-0.25159
-0.25613
-0.26056
-0.26416
-0.26727
-0.26981
-0.27209
-0.27393
-0.27499
-0.27557
-0.27560
-0.27576
-0.27505
-0.27408
-0.27258
-0.27112
-0.26962
-0.26764
-0.26569
-0.26352
-0.26193
-0.26007
-0.25861
-0.25702
-0.25616
-0.25540
-0.25513
-0.25525
-0.25601
-0.25723
-0.25897
-0.26117
-0.26428
-0.26782
-0.27203
-0.27664
-0.28210
-0.28833
-0.29474
-0.30176
-0.30927
-0.31741
-0.32608
-0.33475
-0.34375
-0.35321
-0.36298
-0.37253
-0.38242
-0.39188
-0.40179
-0.41113
-0.42029
-0.42941
-0.43811
-0.44662
-0.45413
-0.46152
-0.46860
-0.47519
-0.48102
-0.48608
-0.49097
-0.49561
-0.49957
-0.50281
-0.50555
-0.50842
-0.51083
-0.51306
-0.51447
-0.51620
-0.51791
-0.51953
-0.52106
-0.52234
-0.52414
-0.52594
-0.52798
-0.53015
-0.53247
-0.53516
-0.53787
-0.54105
-0.54434
-0.54807
-0.55157
-0.55560
-0.55954
-0.56406
-0.56839
-0.57272
-0.57727
-0.58185
-0.58646
-0.59113
-0.59555
-0.60022
-0.60461
-0.60916
-0.61353
-0.61804
-0.62241
-0.62665
-0.63095
-0.63541
-0.63986
-0.64417
-0.64850
-0.65311
-0.65778
-0.66257
-0.66687
-0.67184
-0.67676
-0.68188
-0.68674
-0.69150
-0.69659
-0.70172
-0.70648
-0.71115
-0.71561
-0.72037
-0.72446
-0.72836
-0.73184
-0.73532
-0.73837
-0.74078
-0.74280
-0.74457
-0.74628
-0.74716
-0.74774
-0.74780
-0.74796
-0.74762
-0.74698
-0.74615
-0.74521
-0.74426
-0.74313
-0.74207
-0.74124
-0.74057
-0.73987
-0.73944
-0.73929
-0.73993
-0.74048
-0.74164
-0.74286
-0.74500
-0.74744
-0.75046
-0.75360
-0.75751
-0.76163
-0.76645
-0.77148
-0.77686
-0.78271
-0.78870
-0.79510
-0.80167
-0.80832
-0.81509
-0.82193
-0.82895
-0.83566
-0.84253
-0.84888
-0.85532
-0.86151
-0.86725
-0.87244
-0.87741
-0.88171
-0.88571
-0.88895
-0.89136
-0.89340
-0.89465
-0.89511
-0.89468
-0.89340
-0.89133
-0.88873
-0.88477
-0.88031
-0.87473
-0.86841
-0.86139
-0.85330
-0.84457
-0.83521
-0.82483
-0.81400
-0.80237
-0.79022
-0.77771
-0.76450
-0.75082
-0.73691
-0.72244
-0.70810
-0.69312
-0.67822
-0.66290
-0.64767
-0.63235
-0.61694
-0.60162
-0.58600
-0.57068
-0.55508
-0.53976
-0.52429
-0.50879
-0.49329
-0.47775
-0.46222
-0.44650
-0.43076
-0.41476
-0.39883
-0.38281
-0.36630
-0.34988
-0.33325
-0.31650
-0.29956
-0.28226
-0.26492
-0.24777
-0.23044
-0.21286
-0.19528
-0.17786
-0.16074
-0.14374
-0.12671
-0.10989
-0.09378
-0.07806
-0.06284
-0.04807
-0.03406
-0.02081
-0.00854
0.00314
0.01373
0.02307
0.03159
0.03867
0.04492
0.04968
0.05301
0.05533
0.05603
0.05560
0.05353
0.05045
0.04590
0.04041
0.03323
0.02515
0.01599
0.00607
-0.00488
-0.01672
-0.02924
-0.04202
-0.05499
-0.06863
-0.08215
-0.09586
-0.10904
-0.12189
-0.13443
-0.14633
-0.15741
-0.16782
-0.17706
-0.18533
-0.19247
-0.19824
-0.20322
-0.20657
-0.20877
-0.20932
-0.20905
-0.20740
-0.20471
-0.20047
-0.19531
-0.18921
-0.18246
-0.17468
-0.16617
-0.15704
-0.14764
-0.13803
-0.12787
-0.11792
-0.10748
-0.09778
-0.08786
-0.07849
-0.06921
-0.06055
-0.05212
-0.04480
-0.03763
-0.03128
-0.02524
-0.01990
-0.01553
-0.01157
-0.00830
-0.00510
-0.00287
-0.00089
0.00024
0.00143
0.00208
0.00266
0.00275
0.00275
0.00247
0.00223
0.00177
0.00162
0.00101
0.00055
0.00003
-0.00043
-0.00082
-0.00137
-0.00183
-0.00226
-0.00278
-0.00348
-0.00436
-0.00516
-0.00604
-0.00732
-0.00894
-0.01080
-0.01263
-0.01480
-0.01770
-0.02078
-0.02429
-0.02783
-0.03201
-0.03665
-0.04156
-0.04657
-0.05209
-0.05786
-0.06390
-0.06989
-0.07587
-0.08231
-0.08841
-0.09442
-0.09998
-0.10550
-0.11075
-0.11530
-0.11926
-0.12253
-0.12537
-0.12732
-0.12833
-0.12848
-0.12778
-0.12613
-0.12329
-0.11966
-0.11505
-0.10953
-0.10300
-0.09528
-0.08737
-0.07846
-0.06891
-0.05862
-0.04773
-0.03705
-0.02570
-0.01440
-0.00244
0.00873
0.02017
0.03079
0.04178
0.05194
0.06186
0.07074
0.07919
0.08694
0.09418
0.10068
0.10611
0.11087
0.11499
0.11853
0.12161
0.12357
0.12524
0.12650
0.12735
0.12796
0.12793
0.12805
0.12811
0.12817
0.12817
0.12817
0.12860
0.12924
0.13028
0.13150
0.13318
0.13522
0.13766
0.14081
0.14423
0.14819
0.15204
0.15671
0.16159
0.16721
0.17264
0.17810
0.18381
0.18994
0.19595
0.20178
0.20734
0.21289
0.21826
0.22336
0.22772
0.23206
0.23557
0.23883
0.24133
0.24319
0.24472
0.24533
0.24539
0.24466
0.24338
0.24152
0.23907
0.23596
0.23218
0.22791
0.22333
0.21841
0.21295
0.20737
0.20123
0.19543
0.18930
0.18304
0.17685
0.17099
0.16525
0.15942
0.15393
0.14871
0.14444
0.14005
0.13568
0.13187
0.12863
0.12634
0.12354
0.12122
0.11908
0.11792
0.11670
0.11548
0.11411
0.11343
0.11258
0.11172
0.11044
0.10925
0.10809
0.10635
0.10434
0.10193
0.09949
0.09650
0.09277
0.08881
0.08441
0.07974
0.07425
0.06851
0.06238
0.05612
0.04919
0.04208
0.03479
0.02750
0.01993
0.01212
0.00464
-0.00275
-0.01013
-0.01740
-0.02457
-0.03082
-0.03714
-0.04303
-0.04880
-0.05365
-0.05795
-0.06207
-0.06573
-0.06903
-0.07117
-0.07346
-0.07495
-0.07654
-0.07724
-0.07764
-0.07800
-0.07800
-0.07770
-0.07730
-0.07693
-0.07657
-0.07608
-0.07532
-0.07520
-0.07520
-0.07538
-0.07520
-0.07550
-0.07632
-0.07764
-0.07874
-0.07980
-0.08167
-0.08380
-0.08612
-0.08804
-0.09021
-0.09305
-0.09589
-0.09836
-0.10062
-0.10294
-0.10574
-0.10773
-0.10944
-0.11078
-0.11218
-0.11334
-0.11353
-0.11337
-0.11292
-0.11218
-0.11075
-0.10846
-0.10599
-0.10321
-0.09985
-0.09579
-0.09122
-0.08667
-0.08163
-0.07608
-0.07004
-0.06400
-0.05801
-0.05176
-0.04495
-0.03845
-0.03177
-0.02545
-0.01883
-0.01236
-0.00607
-0.00012
0.00586
0.01138
0.01694
0.02197
0.02692
0.03162
0.03574
0.03995
0.04358
0.04730
0.05017
0.05322
0.05579
0.05847
0.06058
0.06256
0.06430
0.06619
0.06790
0.06909
0.07050
0.07169
0.07315
0.07443
0.07553
0.07681
0.07809
0.07938
0.08072
0.08212
0.08371
0.08521
0.08667
0.08820
0.08981
0.09152
0.09299
0.09445
0.09573
0.09702
0.09799
0.09891
0.09946
0.09961
0.09946
0.09891
0.09799
0.09650
0.09415
0.09155
0.08823
0.08444
0.07959
0.07404
0.06793
0.06119
0.05359
0.04504
0.03577
0.02631
0.01569
0.00482
-0.00723
-0.01898
-0.03168
-0.04443
-0.05801
-0.07132
-0.08472
-0.09827
-0.11191
-0.12555
-0.13858
-0.15134
-0.16403
-0.17615
-0.18796
-0.19879
-0.20923
-0.21921
-0.22842
-0.23700
-0.24457
-0.25171
-0.25809
-0.26392
-0.26895
-0.27316
-0.27670
-0.27991
-0.28262
-0.28488
-0.28632
-0.28738
-0.28802
-0.28894
-0.28918
-0.28925
-0.28879
-0.28864
-0.28836
-0.28812
-0.28763
-0.28696
-0.28665
-0.28610
-0.28583
-0.28510
-0.28476
-0.28421
-0.28381
-0.28308
-0.28207
-0.28110
-0.28021
-0.27884
-0.27719
-0.27469
-0.27264
-0.27005
-0.26715
-0.26324
-0.25879
-0.25455
-0.24960
-0.24411
-0.23755
-0.23080
-0.22372
-0.21628
-0.20779
-0.19910
-0.18991
-0.18057
-0.17072
-0.16031
-0.15005
-0.13965
-0.12900
-0.11810
-0.10739
-0.09717
-0.08719
-0.07709
-0.06729
-0.05826
-0.04996
-0.04208
-0.03461
-0.02768
-0.02185
-0.01678
-0.01208
-0.00827
-0.00494
-0.00262
-0.00085
